Overall Dimentions:
Width: 6.85732 in / 174.17611 mm
Height: 5.692443 in / 144.58805 mm
